5943
8282
4255
4969
9542
8842
4564
3005
6264
8488
8730
1292
2082
279
4594
9262
1806
2936
7951
4056
4877
4857
2465
8445
7513
6929
6244
4536
3282
1037
210
8899
1150
4725
7180
7601
9664
7628
9021
6451
7455
978
2844
5513
4873
5035
175
5453
1340
731
1593
7508
8716
1638
5236
6570
4735
5615
3392
2065
3292
4956
8666
910
4866
8582
3252
9469
8749
5929
2079
5953
8098
6531
6147
6284
1564
8852
3003
1137
8671
8953
3162
5106
2817
5068
3473
5078
4737
4455
2048
777
9330
5387
4658
1568
7171
2841
8915
3111
3528
9854
9227
8619
1423
321
8769
4035
2537
8454
3864
3582
4865
310
8602
45
1259
2206
3352
5672
9385
5754
1585
9127
6855
3014
8385
9195
5331
2641
7606
4412
8175
3769
5918
2884
6153
6807
4620
2814
7768
1548
8337
5577
1122
7010
6632
6894
3567
2831
3871
7299
8851
1404
9217
655
9555
8227
8723
9215
7145
3661
7962
1984
714
2286
3428
9245
5657
8972
9613
4144
4759
9545
6851
8498
1497
9065
6517
7097
3953
7541
5688
1469
1166
598
4146
7041
473
631
3094
7557
5361
4118
6069
2197
7970
6582
4159
1731
6322
8370
1492
3750
386
8167
5597
9508
7056
539
6033
1228
8151
8528
9128
1823
316
9935
8074
4107
3731
8995
3458
8041
5367
451
3031
2523
3856
28
5608
1077
1603
3033
6994
4771
2313
3178
7938
8792
9932
1965
3854
38
153
8645
5329
3722
1604
8066
6735
4535
5714
5100
4106
8106
8407
5113
4226
7738
3490
5295
4767
4730
2436
4827
18
6763
8418
7197
2081
1578
3563
842
2560
8035
8722
6483
4114
1084
4393
2634
1285
2499
9958
3889
7353
3885
3262
266
6016
1717
2263
1734
6564
5284
3246
6245
5742
6295
7556
3711
4599
2214
9229
3355
2058
5692
8141
6772
100
322
3439
6896
7098
2776
7148
5936
7534
3845
7609
4807
8880
6722
4010
3688
728
4892
1878
7975
7017
5921
9283
7870
5525
9634
3204
3768
4680
9582
8695
3211
2948
392
1595
9402
4681
5829
306
4079
8154
3526
3560
6555
9776
8966
9867
8180
2614
7653
2277
7947
3663
1763
5337
1916
2260
4917
8284
6871
6977
8001
3963
6574
3020
3867
9668
3973
452
1773
864
4015
2234
6955
7311
2303
207
817
275
4964
559
4987
7429
929
608
628
3937
8298
1022
2226
5381
9642
7800
1662
6403
4657
9891
3046
3717
9066
7088
7910
7615
4685
6376
2336
9101
5148
8101
5259
4377
1439
384
7333
2910
3384
6236
7259
8461
2593
7425
4510
7046
3471
2162
4519
6465
2474
3034
9492
702
4507
9280
1869
1445
638
5406
242
1866
4094
4322
922
4046
2157
2839
4569
2141
287
34
7523
5713
6739
3416
3382
1929
4025
6067
2484
3962
2971
4443
5095
2585
7746
8156
9155
9023
7198
4544
6160
354
9458
6635
6399
5667
4236
9478
5545
968
665
3267
1353
381
2253
7003
3670
9502
2288
9203
2333
